#timestamp x y z qx qy qz qw id
1790470329.236928 -0.000227 -0.000000 0.000000 0.000000 0.000000 0.000612 1.000000 1
1790470472.804161 0.139153 -0.001081 0.000000 0.000000 0.000000 0.001315 0.999999 139
1790470473.837494 0.233991 0.000103 0.000000 0.000000 0.000000 0.001776 0.999998 140
1790470475.937525 0.240816 -0.014921 0.000000 0.000000 0.000000 -0.079951 0.996799 142
1790470477.004178 0.236948 -0.043318 0.000000 0.000000 0.000000 -0.213298 0.976987 143
1790470478.004198 0.230510 -0.069644 0.000000 0.000000 0.000000 -0.333121 0.942884 144
1790470479.070873 0.252278 -0.069443 0.000000 0.000000 0.000000 -0.456535 0.889705 145
1790470480.137528 0.228703 -0.078189 0.000000 0.000000 0.000000 -0.572129 0.820164 146
1790470481.170865 0.210476 -0.067642 0.000000 0.000000 0.000000 -0.669600 0.742722 147
1790470482.237531 0.195786 -0.057109 0.000000 0.000000 0.000000 -0.744559 0.667557 148
1790470490.504249 0.177110 -0.227350 0.000000 0.000000 0.000000 -0.744147 0.668015 156
1790470491.570908 0.160822 -0.386366 0.000000 0.000000 0.000000 -0.744707 0.667392 157
1790470492.604258 0.144111 -0.550661 0.000000 0.000000 0.000000 -0.744404 0.667729 158
1790470493.604272 0.126690 -0.708541 0.000000 0.000000 0.000000 -0.744439 0.667690 159
1790470494.604277 0.110034 -0.868228 0.000000 0.000000 0.000000 -0.744496 0.667627 160
1790470495.670922 0.092386 -1.035672 0.000000 0.000000 0.000000 -0.743939 0.668247 161
1790470496.704265 0.074246 -1.196586 0.000000 0.000000 0.000000 -0.743595 0.668630 162
1790470497.704279 0.057094 -1.352610 0.000000 0.000000 0.000000 -0.743496 0.668740 163
1790470498.704287 0.037667 -1.506839 0.000000 0.000000 0.000000 -0.742896 0.669407 164
1790470499.704289 0.020049 -1.661531 0.000000 0.000000 0.000000 -0.742650 0.669680 165
1790470500.737616 0.001378 -1.826053 0.000000 0.000000 0.000000 -0.742435 0.669918 166
1790470501.737642 -0.012539 -1.982893 0.000000 0.000000 0.000000 -0.741841 0.670576 167
1790470502.804318 -0.028902 -2.155927 0.000000 0.000000 0.000000 -0.741665 0.670771 168
1790470503.870970 -0.044337 -2.326337 0.000000 0.000000 0.000000 -0.741325 0.671147 169
1790470504.870978 -0.060360 -2.491474 0.000000 0.000000 0.000000 -0.740724 0.671810 170
1790470505.904323 -0.077615 -2.647420 0.000000 0.000000 0.000000 -0.740276 0.672303 171
1790470506.904325 -0.089478 -2.805547 0.000000 0.000000 0.000000 -0.740097 0.672500 172
1790470507.970995 -0.103966 -2.975301 0.000000 0.000000 0.000000 -0.739820 0.672805 173
1790470509.037646 -0.122730 -3.161453 0.000000 0.000000 0.000000 -0.738892 0.673824 174
1790470511.071026 -0.114202 -3.172367 0.000000 0.000000 0.000000 -0.708725 0.705485 176
1790470512.137693 -0.114622 -3.303357 0.000000 0.000000 0.000000 -0.707911 0.706302 177
1790470513.170999 -0.116695 -3.481077 0.000000 0.000000 0.000000 -0.706887 0.707326 178
1790470514.171027 -0.116637 -3.540193 0.000000 0.000000 0.000000 -0.706313 0.707900 179
1790470515.171031 -0.116316 -3.597083 0.000000 0.000000 0.000000 -0.706065 0.708147 180
1790470516.271034 -0.112172 -3.719369 0.000000 0.000000 0.000000 -0.705366 0.708843 181
1790470517.337700 -0.109725 -3.905008 0.000000 0.000000 0.000000 -0.704466 0.709738 182
1790470518.337713 -0.106552 -4.111699 0.000000 0.000000 0.000000 -0.704083 0.710117 183
1790470519.337714 -0.101292 -4.320318 0.000000 0.000000 0.000000 -0.703646 0.710550 184
1790470520.337716 -0.099789 -4.533018 0.000000 0.000000 0.000000 -0.703252 0.710941 185
1790470521.371060 -0.095443 -4.765280 0.000000 0.000000 0.000000 -0.703234 0.710958 186
1790470522.371072 -0.088030 -4.981183 0.000000 0.000000 0.000000 -0.702645 0.711540 187
1790470523.437730 -0.082667 -5.243141 0.000000 0.000000 0.000000 -0.702190 0.711990 188
1790470524.471070 -0.077907 -5.511416 0.000000 0.000000 0.000000 -0.701445 0.712723 189
1790470525.471111 -0.072063 -5.774680 0.000000 0.000000 0.000000 -0.701362 0.712805 190
1790470526.537765 -0.067869 -6.057013 0.000000 0.000000 0.000000 -0.700534 0.713619 191
1790470527.537825 -0.063987 -6.310747 0.000000 0.000000 0.000000 -0.699997 0.714146 192
1790470528.637754 -0.050454 -6.598953 0.000000 0.000000 0.000000 -0.700164 0.713982 193
1790470529.637756 -0.045315 -6.854317 0.000000 0.000000 0.000000 -0.699542 0.714592 194
1790470530.704453 -0.037834 -7.114943 0.000000 0.000000 0.000000 -0.698804 0.715314 195
1790470531.771113 -0.030351 -7.386103 0.000000 0.000000 0.000000 -0.698320 0.715785 196
1790470532.771114 -0.022776 -7.634420 0.000000 0.000000 0.000000 -0.698031 0.716067 197
1790470533.804463 -0.013245 -7.880906 0.000000 0.000000 0.000000 -0.697217 0.716861 198
1790470534.804469 -0.005061 -8.131992 0.000000 0.000000 0.000000 -0.696368 0.717685 199
1790470535.871127 0.002495 -8.393225 0.000000 0.000000 0.000000 -0.695793 0.718243 200
1790470536.871136 0.011352 -8.644477 0.000000 0.000000 0.000000 -0.695234 0.718783 201
1790470537.937794 0.020970 -8.906760 0.000000 0.000000 0.000000 -0.693906 0.720066 202
1790470538.971156 0.029146 -9.164424 0.000000 0.000000 0.000000 -0.693191 0.720754 203
1790470539.971162 0.040517 -9.408976 0.000000 0.000000 0.000000 -0.692500 0.721418 204
1790470541.037819 0.048863 -9.686285 0.000000 0.000000 0.000000 -0.691367 0.722504 205
1790470542.137820 0.064019 -9.977437 0.000000 0.000000 0.000000 -0.690351 0.723475 206
1790470543.137829 0.078222 -10.234797 0.000000 0.000000 0.000000 -0.690126 0.723689 207
1790470544.137836 0.090918 -10.489320 0.000000 0.000000 0.000000 -0.688077 0.725637 208
1790470545.171176 0.107810 -10.749721 0.000000 0.000000 0.000000 -0.681041 0.732246 209
1790470546.204507 0.128929 -11.002493 0.000000 0.000000 0.000000 -0.675690 0.737186 210
1790470547.271164 0.153930 -11.260009 0.000000 0.000000 0.000000 -0.674312 0.738447 211
1790470548.304521 0.178122 -11.512993 0.000000 0.000000 0.000000 -0.672851 0.739778 212
1790470549.337859 0.205207 -11.768933 0.000000 0.000000 0.000000 -0.672218 0.740354 213
1790470550.404524 0.229122 -12.031863 0.000000 0.000000 0.000000 -0.671052 0.741410 214
1790470551.471186 0.255687 -12.292008 0.000000 0.000000 0.000000 -0.670129 0.742244 215
1790470552.471206 0.276869 -12.535110 0.000000 0.000000 0.000000 -0.669088 0.743184 216
1790470553.537872 0.306007 -12.803941 0.000000 0.000000 0.000000 -0.667320 0.744771 217
1790470554.604527 0.341672 -13.083257 0.000000 0.000000 0.000000 -0.665689 0.746229 218
1790470555.637862 0.379891 -13.321424 0.000000 0.000000 0.000000 -0.664207 0.747549 219
1790470556.637880 0.403731 -13.551867 0.000000 0.000000 0.000000 -0.670390 0.742009 220
1790470557.704540 0.404567 -13.756725 0.000000 0.000000 0.000000 -0.702329 0.711853 221
1790470558.704540 0.411457 -13.957938 0.000000 0.000000 0.000000 -0.701165 0.712999 222
1790470559.737885 0.417929 -14.149264 0.000000 0.000000 0.000000 -0.699962 0.714180 223
1790470560.737897 0.425128 -14.340380 0.000000 0.000000 0.000000 -0.699027 0.715095 224
1790470561.771233 0.433678 -14.540043 0.000000 0.000000 0.000000 -0.697869 0.716225 225
1790470562.771238 0.442667 -14.731048 0.000000 0.000000 0.000000 -0.696382 0.717671 226
1790470563.804581 0.452348 -14.926404 0.000000 0.000000 0.000000 -0.695636 0.718395 227
1790470564.837925 0.457824 -14.987673 0.000000 0.000000 0.000000 -0.695621 0.718409 228
1790470567.971266 0.460614 -14.978646 0.000000 0.000000 0.000000 -0.568691 0.822551 231
1790470568.971277 0.465925 -14.973264 0.000000 0.000000 0.000000 -0.435844 0.900022 232
1790470570.071263 0.481428 -14.927095 0.000000 0.000000 0.000000 -0.282855 0.959163 233
1790470571.137934 0.496016 -14.886551 0.000000 0.000000 0.000000 -0.128321 0.991733 234
1790470572.171261 0.501594 -14.850914 0.000000 0.000000 0.000000 -0.005492 0.999985 235
1790470578.371301 0.520708 -14.839810 0.000000 0.000000 0.000000 0.062849 0.998023 241
1790470579.404653 0.520850 -14.804423 0.000000 0.000000 0.000000 0.239664 0.970856 242
1790470580.437967 0.519727 -14.767213 0.000000 0.000000 0.000000 0.412431 0.910989 243
1790470581.437993 0.475556 -14.755814 0.000000 0.000000 0.000000 0.572598 0.819837 244
1790470582.471328 0.454049 -14.739134 0.000000 0.000000 0.000000 0.707134 0.707080 245
1790470583.537990 0.450501 -14.737477 0.000000 0.000000 0.000000 0.730753 0.682642 246
1790470587.638013 0.453154 -14.734531 0.000000 0.000000 0.000000 0.753086 0.657922 250
1790470588.671413 0.411122 -14.759091 0.000000 0.000000 0.000000 0.856925 0.515441 251
1790470589.738021 0.387086 -14.786019 0.000000 0.000000 0.000000 0.936509 0.350644 252
1790470590.771359 0.342570 -14.842117 0.000000 0.000000 0.000000 0.983579 0.180480 253
1790470591.871355 0.319483 -14.922912 0.000000 0.000000 0.000000 0.999985 -0.005451 254
1790470592.938015 0.318508 -14.951492 0.000000 0.000000 0.000000 0.997137 -0.075613 255
1790470598.171392 0.317580 -14.960628 0.000000 0.000000 0.000000 0.993803 -0.111156 260
1790470599.238049 0.332769 -15.005675 0.000000 0.000000 0.000000 0.969178 -0.246363 261
1790470600.271380 0.355194 -15.030414 0.000000 0.000000 0.000000 0.928000 -0.372581 262
1790470601.271394 0.359165 -15.035851 0.000000 0.000000 0.000000 0.869700 -0.493582 263
1790470602.271405 0.365524 -15.036965 0.000000 0.000000 0.000000 -0.794464 0.607312 264
1790470603.338069 0.371194 -15.039593 0.000000 0.000000 0.000000 -0.709283 0.704924 265
1790470607.471423 0.377632 -14.975311 0.000000 0.000000 0.000000 -0.710022 0.704180 269
1790470608.504767 0.385284 -14.783575 0.000000 0.000000 0.000000 -0.710393 0.703805 270
1790470609.504809 0.393283 -14.597044 0.000000 0.000000 0.000000 -0.711315 0.702873 271
1790470610.571441 0.402690 -14.402401 0.000000 0.000000 0.000000 -0.712165 0.702013 272
1790470611.638101 0.411896 -14.211231 0.000000 0.000000 0.000000 -0.712379 0.701795 273
1790470612.638107 0.420271 -14.020340 0.000000 0.000000 0.000000 -0.711958 0.702223 274
1790470613.671451 0.427158 -13.833353 0.000000 0.000000 0.000000 -0.710465 0.703732 275
1790470614.671453 0.426331 -13.649826 0.000000 0.000000 0.000000 -0.706961 0.707253 276
1790470615.671494 0.419442 -13.461274 0.000000 0.000000 0.000000 -0.704952 0.709255 277
1790470616.771455 0.410444 -13.248415 0.000000 0.000000 0.000000 -0.705679 0.708532 278
1790470617.771461 0.406465 -13.054394 0.000000 0.000000 0.000000 -0.706293 0.707920 279
1790470618.771483 0.413774 -12.880636 0.000000 0.000000 0.000000 -0.707015 0.707199 280
1790470619.771484 0.416185 -12.669921 0.000000 0.000000 0.000000 -0.708307 0.705905 281
1790470620.804811 0.419638 -12.447169 0.000000 0.000000 0.000000 -0.709118 0.705090 282
1790470621.804827 0.421048 -12.222154 0.000000 0.000000 0.000000 -0.709650 0.704554 283
1790470622.838155 0.423350 -11.988372 0.000000 0.000000 0.000000 -0.710427 0.703771 284
1790470623.838158 0.424219 -11.761856 0.000000 0.000000 0.000000 -0.711172 0.703018 285
1790470624.871643 0.429604 -11.529577 0.000000 0.000000 0.000000 -0.711746 0.702437 286
1790470625.938148 0.431711 -11.288444 0.000000 0.000000 0.000000 -0.711509 0.702677 287
1790470626.971529 0.434793 -11.055443 0.000000 0.000000 0.000000 -0.712195 0.701982 288
1790470628.038174 0.440126 -10.813452 0.000000 0.000000 0.000000 -0.712934 0.701232 289
1790470629.071521 0.443749 -10.581091 0.000000 0.000000 0.000000 -0.713314 0.700845 290
1790470630.104837 0.447429 -10.353530 0.000000 0.000000 0.000000 -0.713257 0.700902 291
1790470635.838214 0.472645 -8.989573 0.000000 0.000000 0.000000 -0.714985 0.699140 292
1790470636.904870 0.479061 -8.749521 0.000000 0.000000 0.000000 -0.716242 0.697852 293
1790470637.904885 0.483796 -8.513260 0.000000 0.000000 0.000000 -0.716160 0.697936 294
1790470638.904899 0.489258 -8.277094 0.000000 0.000000 0.000000 -0.716572 0.697513 295
1790470639.904908 0.494871 -8.032175 0.000000 0.000000 0.000000 -0.716788 0.697291 296
1790470640.904908 0.503192 -7.780553 0.000000 0.000000 0.000000 -0.717757 0.696294 297
1790470641.938225 0.509466 -7.514208 0.000000 0.000000 0.000000 -0.718850 0.695165 298
1790470642.938250 0.512513 -7.256836 0.000000 0.000000 0.000000 -0.718787 0.695230 299
1790470643.971582 0.519846 -6.939479 0.000000 0.000000 0.000000 -0.718431 0.695598 300
1790470644.971588 0.536171 -6.563684 0.000000 0.000000 0.000000 -0.718257 0.695778 301
1790470646.038241 0.540812 -6.254169 0.000000 0.000000 0.000000 -0.717509 0.696549 302
1790470647.038266 0.545255 -5.974239 0.000000 0.000000 0.000000 -0.718478 0.695549 303
1790470648.038268 0.554534 -5.692729 0.000000 0.000000 0.000000 -0.719297 0.694703 304
1790470649.071589 0.564049 -5.407481 0.000000 0.000000 0.000000 -0.719939 0.694037 305
1790470650.071600 0.583811 -5.144914 0.000000 0.000000 0.000000 -0.719432 0.694563 306
1790470651.071620 0.592358 -4.864668 0.000000 0.000000 0.000000 -0.695555 0.718473 307
1790470652.138276 0.575560 -4.594189 0.000000 0.000000 0.000000 -0.692641 0.721282 308
1790470653.171620 0.567486 -4.293466 0.000000 0.000000 0.000000 -0.692570 0.721351 309
1790470654.171620 0.559392 -4.021741 0.000000 0.000000 0.000000 -0.692649 0.721274 310
1790470655.171642 0.548885 -3.752868 0.000000 0.000000 0.000000 -0.692987 0.720950 311
1790470656.171647 0.539413 -3.492116 0.000000 0.000000 0.000000 -0.693625 0.720336 312
1790470657.238293 0.526267 -3.230410 0.000000 0.000000 0.000000 -0.694228 0.719756 313
1790470658.271637 0.515185 -2.981186 0.000000 0.000000 0.000000 -0.694891 0.719115 314
1790470659.271661 0.504263 -2.729187 0.000000 0.000000 0.000000 -0.695997 0.718045 315
1790470660.338321 0.498919 -2.449851 0.000000 0.000000 0.000000 -0.695913 0.718126 316
1790470661.738315 0.486976 -2.099702 0.000000 0.000000 0.000000 -0.696511 0.717546 317
1790470662.771650 0.478729 -1.836771 0.000000 0.000000 0.000000 -0.695805 0.718231 318
1790470663.771680 0.467779 -1.586129 0.000000 0.000000 0.000000 -0.696972 0.717098 319
1790470664.971676 0.458857 -1.283828 0.000000 0.000000 0.000000 -0.697005 0.717067 320
1790470666.005005 0.449698 -1.025715 0.000000 0.000000 0.000000 -0.697489 0.716595 321
1790470667.005018 0.441510 -0.787700 0.000000 0.000000 0.000000 -0.654343 0.756198 322
1790470668.005021 0.409035 -0.549567 0.000000 0.000000 0.000000 -0.602920 0.797802 323
1790470669.038350 0.346057 -0.327588 0.000000 0.000000 0.000000 -0.526543 0.850148 324
1790470670.038361 0.222623 -0.143424 0.000000 0.000000 0.000000 -0.411238 0.911528 325
1790470671.105015 0.215885 -0.136157 0.000000 0.000000 0.000000 -0.364102 0.931359 326
1790470672.105043 0.226346 -0.143894 0.000000 0.000000 0.000000 -0.221579 0.975143 327
1790470673.171706 0.236268 -0.105148 0.000000 0.000000 0.000000 -0.061649 0.998098 328
1790470674.205079 0.242089 -0.076735 0.000000 0.000000 0.000000 0.022009 0.999758 329
1790470679.438423 0.419820 -0.068363 0.000000 0.000000 0.000000 0.023972 0.999713 334
1790470680.438424 0.580342 -0.059587 0.000000 0.000000 0.000000 0.025041 0.999686 335
1790470681.471755 0.730918 -0.053315 0.000000 0.000000 0.000000 0.026819 0.999640 336
1790470682.505085 0.877326 -0.046008 0.000000 0.000000 0.000000 0.027677 0.999617 337
1790470683.505100 1.025785 -0.037327 0.000000 0.000000 0.000000 0.028130 0.999604 338
1790470684.538443 1.173254 -0.031508 0.000000 0.000000 0.000000 0.028455 0.999595 339
1790470685.538450 1.323280 -0.023537 0.000000 0.000000 0.000000 0.029531 0.999564 340
1790470686.605112 1.490135 -0.016103 0.000000 0.000000 0.000000 0.031282 0.999511 341
1790470687.638436 1.683261 -0.008313 0.000000 0.000000 0.000000 0.036419 0.999337 342
1790470688.705126 1.864775 0.007685 0.000000 0.000000 0.000000 0.037210 0.999308 343
1790470689.705130 2.018994 0.025884 0.000000 0.000000 0.000000 0.037918 0.999281 344
1790470690.771788 2.171991 0.042407 0.000000 0.000000 0.000000 0.038562 0.999256 345
1790470691.805165 2.336397 0.054031 0.000000 0.000000 0.000000 0.038474 0.999260 346
1790470692.871831 2.477540 0.065870 0.000000 0.000000 0.000000 0.038623 0.999254 347
1790470693.938478 2.619545 0.081187 0.000000 0.000000 0.000000 0.039058 0.999237 348
1790470694.971810 2.762728 0.094626 0.000000 0.000000 0.000000 0.039268 0.999229 349
1790470695.971836 2.882245 0.102672 0.000000 0.000000 0.000000 0.039449 0.999222 350
1790470698.638488 3.212747 0.138876 0.000000 0.000000 0.000000 0.040790 0.999168 351
1790470699.638502 3.321667 0.149493 0.000000 0.000000 0.000000 0.041492 0.999139 352
1790470700.638511 3.457620 0.157406 0.000000 0.000000 0.000000 0.042675 0.999089 353
1790470701.671848 3.624308 0.161636 0.000000 0.000000 0.000000 0.011920 0.999929 354
1790470702.671855 3.784288 0.162998 0.000000 0.000000 0.000000 0.009758 0.999952 355
1790470703.738526 3.954035 0.164798 0.000000 0.000000 0.000000 0.007729 0.999970 356
1790470704.738531 4.120704 0.167204 0.000000 0.000000 0.000000 0.007875 0.999969 357
1790470705.771872 4.304816 0.169141 0.000000 0.000000 0.000000 0.008802 0.999961 358
1790470706.771878 4.493228 0.171458 0.000000 0.000000 0.000000 0.006555 0.999979 359
1790470707.838546 4.696757 0.172829 0.000000 0.000000 0.000000 0.004381 0.999990 360
1790470708.871886 4.899371 0.174765 0.000000 0.000000 0.000000 0.002368 0.999997 361
1790470709.871903 5.095170 0.162705 0.000000 0.000000 0.000000 0.002772 0.999996 362
1790470710.938563 5.319444 0.163149 0.000000 0.000000 0.000000 0.003260 0.999995 363
1790470711.971899 5.534462 0.162876 0.000000 0.000000 0.000000 0.004118 0.999992 364
1790470712.971913 5.732500 0.177040 0.000000 0.000000 0.000000 0.004596 0.999989 365
1790470713.971917 5.932090 0.187535 0.000000 0.000000 0.000000 0.006037 0.999982 366
1790470715.005249 6.135297 0.200762 0.000000 0.000000 0.000000 0.007811 0.999969 367
1790470716.071920 6.358970 0.200936 0.000000 0.000000 0.000000 0.012273 0.999925 368
1790470717.071934 6.563021 0.207170 0.000000 0.000000 0.000000 0.017247 0.999851 369
1790470718.105271 6.777864 0.232068 0.000000 0.000000 0.000000 0.017765 0.999842 370
1790470719.105273 6.984988 0.222589 0.000000 0.000000 0.000000 0.020873 0.999782 371
1790470720.105288 7.185347 0.231884 0.000000 0.000000 0.000000 0.019611 0.999808 372
1790470721.171960 7.409805 0.238523 0.000000 0.000000 0.000000 0.019857 0.999803 373
1790470722.271957 7.635323 0.249590 0.000000 0.000000 0.000000 0.019620 0.999808 374
1790470723.271963 7.833412 0.268644 0.000000 0.000000 0.000000 0.018722 0.999825 375
1790470724.338621 8.049930 0.278370 0.000000 0.000000 0.000000 0.017772 0.999842 376
1790470725.338637 8.256967 0.286381 0.000000 0.000000 0.000000 0.016373 0.999866 377
1790470726.405305 8.475032 0.298689 0.000000 0.000000 0.000000 0.015074 0.999886 378
1790470727.438645 8.689442 0.304835 0.000000 0.000000 0.000000 0.014845 0.999890 379
1790470728.505318 8.910157 0.312976 0.000000 0.000000 0.000000 0.015790 0.999875 380
1790470729.538660 9.093319 0.319476 0.000000 0.000000 0.000000 0.015643 0.999878 381
1790470731.572012 9.100932 0.340627 0.000000 0.000000 0.000000 0.138243 0.990398 383
1790470732.605379 9.092587 0.367336 0.000000 0.000000 0.000000 0.276484 0.961019 384
1790470733.672020 9.075759 0.403697 0.000000 0.000000 0.000000 0.417679 0.908595 385
1790470734.672023 9.091250 0.429296 0.000000 0.000000 0.000000 0.545632 0.838025 386
1790470735.672056 9.089656 0.428262 0.000000 0.000000 0.000000 0.663670 0.748025 387
1790470736.738678 9.088339 0.429080 0.000000 0.000000 0.000000 0.763402 0.645924 388
1790470738.805369 9.098140 0.362045 0.000000 0.000000 0.000000 0.763840 0.645406 390
1790470742.972066 9.108031 0.295727 0.000000 0.000000 0.000000 0.763896 0.645340 394
1790470748.138769 9.114108 0.252568 0.000000 0.000000 0.000000 0.853045 0.521838 399
1790470749.172065 9.094156 0.208391 0.000000 0.000000 0.000000 0.908716 0.417414 400
1790470750.172099 9.131671 0.179493 0.000000 0.000000 0.000000 0.953749 0.300603 401
1790470751.238791 9.111659 0.147576 0.000000 0.000000 0.000000 0.972742 0.231890 402
1790470754.305448 9.102015 0.118976 0.000000 0.000000 0.000000 0.990169 0.139875 405
1790470755.372115 9.093754 0.093924 0.000000 0.000000 0.000000 0.997896 0.064839 406
1790470756.405452 9.077391 0.067535 0.000000 0.000000 0.000000 0.999974 -0.007234 407
1790470761.538811 8.889446 0.049459 0.000000 0.000000 0.000000 0.999610 -0.027913 412
1790470762.538822 8.790149 0.043165 0.000000 0.000000 0.000000 0.999577 -0.029092 413
1790470763.572147 8.628015 0.033178 0.000000 0.000000 0.000000 0.999544 -0.030205 414
1790470764.572157 8.493910 0.024642 0.000000 0.000000 0.000000 0.999514 -0.031173 415
1790470765.605514 8.353071 0.013485 0.000000 0.000000 0.000000 0.999481 -0.032214 416
1790470766.672181 8.215229 0.006888 0.000000 0.000000 0.000000 0.999453 -0.033078 417
1790470767.705518 8.088638 0.000051 0.000000 0.000000 0.000000 0.999431 -0.033735 418
1790470768.738877 7.967072 -0.009549 0.000000 0.000000 0.000000 0.999410 -0.034358 419
1790470769.772196 7.811621 -0.020468 0.000000 0.000000 0.000000 0.999390 -0.034925 420
1790470770.805532 7.654309 -0.033284 0.000000 0.000000 0.000000 0.999375 -0.035339 421
1790470771.838859 7.497452 -0.045699 0.000000 0.000000 0.000000 0.999344 -0.036217 422
1790470772.905543 7.319183 -0.057086 0.000000 0.000000 0.000000 0.999300 -0.037398 423
1790470773.938874 7.139156 -0.070771 0.000000 0.000000 0.000000 0.999282 -0.037889 424
1790470774.972204 6.960872 -0.083905 0.000000 0.000000 0.000000 0.999243 -0.038905 425
1790470775.972232 6.793057 -0.100372 0.000000 0.000000 0.000000 0.999237 -0.039065 426
1790470777.005547 6.626515 -0.115678 0.000000 0.000000 0.000000 0.999180 -0.040487 427
1790470778.005560 6.459702 -0.134770 0.000000 0.000000 0.000000 0.999176 -0.040581 428
1790470779.038902 6.277793 -0.149711 0.000000 0.000000 0.000000 0.999129 -0.041735 429
1790470780.105571 6.093322 -0.167295 0.000000 0.000000 0.000000 0.999084 -0.042792 430
1790470781.138909 5.908486 -0.184424 0.000000 0.000000 0.000000 0.999077 -0.042960 431
1790470782.172249 5.724554 -0.202418 0.000000 0.000000 0.000000 0.999040 -0.043818 432
1790470783.210820 5.539720 -0.219019 0.000000 0.000000 0.000000 0.998979 -0.045176 433
1790470784.272250 5.389838 -0.234113 0.000000 0.000000 0.000000 0.998940 -0.046037 434
1790470785.305779 5.225780 -0.248969 0.000000 0.000000 0.000000 0.998980 -0.045158 435
1790470786.338940 5.062058 -0.249337 0.000000 0.000000 0.000000 0.999872 -0.015972 436
1790470787.438940 4.883622 -0.257305 0.000000 0.000000 0.000000 0.999882 -0.015361 437
1790470788.472280 4.713159 -0.264532 0.000000 0.000000 0.000000 0.999879 -0.015575 438
1790470789.505606 4.543627 -0.270473 0.000000 0.000000 0.000000 0.999868 -0.016248 439
1790470790.572300 4.367563 -0.277466 0.000000 0.000000 0.000000 0.999856 -0.016995 440
1790470791.638961 4.188487 -0.285262 0.000000 0.000000 0.000000 0.999885 -0.015161 441
1790470792.638963 4.019602 -0.286694 0.000000 0.000000 0.000000 0.999989 -0.004709 442
1790470793.672304 3.837128 -0.289549 0.000000 0.000000 0.000000 0.999988 -0.004902 443
1790470794.738979 3.640491 -0.293124 0.000000 0.000000 0.000000 0.999985 -0.005434 444
1790470795.738988 3.471928 -0.295707 0.000000 0.000000 0.000000 0.999983 -0.005841 445
1790470796.805647 3.293698 -0.299116 0.000000 0.000000 0.000000 0.999978 -0.006599 446
1790470797.838973 3.115280 -0.302857 0.000000 0.000000 0.000000 0.999974 -0.007270 447
1790470798.872344 2.939405 -0.306140 0.000000 0.000000 0.000000 0.999970 -0.007684 448
1790470799.905672 2.764160 -0.310777 0.000000 0.000000 0.000000 0.999963 -0.008616 449
1790470800.939014 2.588971 -0.314558 0.000000 0.000000 0.000000 0.999955 -0.009490 450
1790470801.972342 2.414485 -0.318690 0.000000 0.000000 0.000000 0.999946 -0.010401 451
1790470802.972370 2.246187 -0.323509 0.000000 0.000000 0.000000 0.999940 -0.010945 452
1790470804.039039 2.065753 -0.329377 0.000000 0.000000 0.000000 0.999927 -0.012054 453
1790470805.039058 1.896377 -0.335854 0.000000 0.000000 0.000000 0.999922 -0.012482 454
1790470806.039087 1.729525 -0.341085 0.000000 0.000000 0.000000 0.999906 -0.013686 455
1790470807.105737 1.548680 -0.346532 0.000000 0.000000 0.000000 0.999896 -0.014457 456
1790470808.105751 1.362375 -0.353508 0.000000 0.000000 0.000000 0.999877 -0.015668 457
1790470809.205745 1.159654 -0.361645 0.000000 0.000000 0.000000 0.999867 -0.016324 458
1790470810.205761 0.980408 -0.369415 0.000000 0.000000 0.000000 0.999860 -0.016709 459
1790470811.205770 0.821097 -0.375292 0.000000 0.000000 0.000000 0.999841 -0.017841 460
1790470812.239119 0.675252 -0.381856 0.000000 0.000000 0.000000 0.999825 -0.018731 461
1790470813.272451 0.528324 -0.388011 0.000000 0.000000 0.000000 0.999809 -0.019538 462
1790470814.305800 0.381822 -0.394726 0.000000 0.000000 0.000000 0.999796 -0.020219 463
1790470815.305821 0.239823 -0.401031 0.000000 0.000000 0.000000 0.999782 -0.020897 464
1790470816.305839 0.112047 -0.406023 0.000000 0.000000 0.000000 0.999770 -0.021471 465
1790470818.405827 0.117974 -0.412709 0.000000 0.000000 0.000000 0.998575 -0.053373 467
1790470819.439177 0.123142 -0.438648 0.000000 0.000000 0.000000 0.986353 -0.164645 468
1790470820.472510 0.135765 -0.449373 0.000000 0.000000 0.000000 0.956442 -0.291922 469
1790470821.472519 0.181331 -0.486987 0.000000 0.000000 0.000000 0.917621 -0.397456 470
1790470822.472528 0.202211 -0.505425 0.000000 0.000000 0.000000 -0.862365 0.506286 471
1790470823.472548 0.226970 -0.512087 0.000000 0.000000 0.000000 -0.794790 0.606885 472
1790470825.105895 0.258938 -0.513946 0.000000 0.000000 0.000000 -0.706180 0.708033 473
1790470829.205931 0.262189 -0.820463 0.000000 0.000000 0.000000 -0.704547 0.709657 477
1790470830.239275 0.265777 -1.048439 0.000000 0.000000 0.000000 -0.703654 0.710543 478
1790470831.305930 0.267931 -1.274286 0.000000 0.000000 0.000000 -0.703552 0.710644 479
1790470832.305955 0.270935 -1.479674 0.000000 0.000000 0.000000 -0.702090 0.712088 480
1790470833.305975 0.272636 -1.686239 0.000000 0.000000 0.000000 -0.701277 0.712889 481
1790470834.372631 0.280372 -1.896636 0.000000 0.000000 0.000000 -0.701287 0.712879 482
1790470835.405977 0.286710 -2.104803 0.000000 0.000000 0.000000 -0.700988 0.713173 483
1790470836.406005 0.288978 -2.300683 0.000000 0.000000 0.000000 -0.700919 0.713241 484
1790470837.406129 0.292730 -2.490305 0.000000 0.000000 0.000000 -0.701078 0.713085 485
1790470838.472702 0.293573 -2.698853 0.000000 0.000000 0.000000 -0.700264 0.713884 486
1790470840.239369 0.304128 -3.041854 0.000000 0.000000 0.000000 -0.698917 0.715203 487
1790470841.306041 0.310067 -3.249013 0.000000 0.000000 0.000000 -0.697652 0.716437 488
1790470842.372702 0.315332 -3.461883 0.000000 0.000000 0.000000 -0.696931 0.717138 489
1790470844.039381 0.325545 -3.798240 0.000000 0.000000 0.000000 -0.695770 0.718264 490
1790470845.139386 0.333152 -4.025905 0.000000 0.000000 0.000000 -0.694515 0.719478 491
1790470846.139391 0.338464 -4.230007 0.000000 0.000000 0.000000 -0.692875 0.721058 492
1790470847.806046 0.354658 -4.583554 0.000000 0.000000 0.000000 -0.691434 0.722440 493
1790470850.906062 0.381121 -5.261252 0.000000 0.000000 0.000000 -0.689514 0.724272 494
1790470852.939416 0.404469 -5.755905 0.000000 0.000000 0.000000 -0.687668 0.726025 495
1790470854.006075 0.419003 -6.014524 0.000000 0.000000 0.000000 -0.689519 0.724267 496
1790470855.006089 0.441999 -6.264739 0.000000 0.000000 0.000000 -0.690518 0.723315 497
1790470856.106081 0.454639 -6.532738 0.000000 0.000000 0.000000 -0.689868 0.723935 498
1790470857.972774 0.479517 -6.985570 0.000000 0.000000 0.000000 -0.689829 0.723972 499
1790470859.039428 0.494631 -7.248010 0.000000 0.000000 0.000000 -0.689423 0.724359 500
1790470860.072762 0.499973 -7.502748 0.000000 0.000000 0.000000 -0.707210 0.707004 501
1790470861.839446 0.498003 -7.945740 0.000000 0.000000 0.000000 -0.707399 0.706814 502
1790470862.839452 0.500674 -8.194090 0.000000 0.000000 0.000000 -0.706188 0.708025 503
1790470863.839461 0.504048 -8.430262 0.000000 0.000000 0.000000 -0.705869 0.708343 504
1790470865.606139 0.505120 -8.870625 0.000000 0.000000 0.000000 -0.705783 0.708428 505
1790470866.606155 0.505826 -9.114972 0.000000 0.000000 0.000000 -0.706159 0.708053 506
1790470867.606165 0.510646 -9.318184 0.000000 0.000000 0.000000 -0.706768 0.707446 507
1790470868.606186 0.520960 -9.529569 0.000000 0.000000 0.000000 -0.707206 0.707008 508
1790470869.672844 0.515554 -9.795791 0.000000 0.000000 0.000000 -0.705721 0.708489 509
1790470870.706192 0.517976 -10.012645 0.000000 0.000000 0.000000 -0.704419 0.709785 510
1790470871.706192 0.527195 -10.201192 0.000000 0.000000 0.000000 -0.703410 0.710785 511
1790470873.472891 0.534463 -10.513745 0.000000 0.000000 0.000000 -0.702166 0.712013 512
1790470874.472896 0.537678 -10.689768 0.000000 0.000000 0.000000 -0.701330 0.712837 513
1790470875.506224 0.540571 -10.874793 0.000000 0.000000 0.000000 -0.700964 0.713197 514
1790470876.506231 0.544276 -11.053219 0.000000 0.000000 0.000000 -0.700264 0.713884 515
1790470877.506246 0.549430 -11.231346 0.000000 0.000000 0.000000 -0.699358 0.714771 516
1790470878.539598 0.552365 -11.411745 0.000000 0.000000 0.000000 -0.698577 0.715535 517
1790470879.539607 0.556837 -11.570107 0.000000 0.000000 0.000000 -0.698026 0.716072 518
1790470880.572926 0.559283 -11.713525 0.000000 0.000000 0.000000 -0.697535 0.716551 519
1790470881.572948 0.564600 -11.859446 0.000000 0.000000 0.000000 -0.696829 0.717237 520
1790470882.572952 0.569213 -12.001065 0.000000 0.000000 0.000000 -0.696240 0.717809 521
1790470883.606298 0.573428 -12.148001 0.000000 0.000000 0.000000 -0.695869 0.718168 522
1790470884.606300 0.578998 -12.287622 0.000000 0.000000 0.000000 -0.695626 0.718404 523
1790470885.606319 0.583850 -12.427547 0.000000 0.000000 0.000000 -0.695380 0.718642 524
1790470886.639673 0.588861 -12.573207 0.000000 0.000000 0.000000 -0.695124 0.718890 525
1790470887.706347 0.586877 -12.709096 0.000000 0.000000 0.000000 -0.694582 0.719413 526
1790470888.806320 0.591319 -12.861547 0.000000 0.000000 0.000000 -0.693930 0.720043 527
1790470889.806371 0.598159 -13.005429 0.000000 0.000000 0.000000 -0.693351 0.720600 528
1790470890.873043 0.604551 -13.157949 0.000000 0.000000 0.000000 -0.692454 0.721462 529
1790470891.939701 0.609346 -13.293145 0.000000 0.000000 0.000000 -0.691512 0.722365 530
1790470892.973034 0.614380 -13.418794 0.000000 0.000000 0.000000 -0.691205 0.722659 531
1790470893.973059 0.619570 -13.535981 0.000000 0.000000 0.000000 -0.690680 0.723160 532
1790470894.973063 0.626014 -13.655338 0.000000 0.000000 0.000000 -0.690019 0.723791 533
1790470896.006407 0.639350 -13.777660 0.000000 0.000000 0.000000 -0.690039 0.723772 534
1790470897.739760 0.645146 -13.966883 0.000000 0.000000 0.000000 -0.687758 0.725940 535
1790470899.773104 0.659963 -14.191401 0.000000 0.000000 0.000000 -0.684241 0.729256 536
1790470900.773106 0.650152 -14.237000 0.000000 0.000000 0.000000 -0.679460 0.733713 537
1790470901.773123 0.676326 -14.310315 0.000000 0.000000 0.000000 -0.682633 0.730761 538
1790470902.773124 0.684391 -14.405615 0.000000 0.000000 0.000000 -0.682326 0.731048 539
1790470903.873123 0.691978 -14.494265 0.000000 0.000000 0.000000 -0.681975 0.731376 540
1790470904.939778 0.703455 -14.621306 0.000000 0.000000 0.000000 -0.681045 0.732242 541
1790470905.939803 0.710376 -14.699269 0.000000 0.000000 0.000000 -0.680850 0.732423 542
1790470907.973142 0.712830 -14.701848 0.000000 0.000000 0.000000 -0.558086 0.829783 544
1790470908.973146 0.719870 -14.710649 0.000000 0.000000 0.000000 -0.440435 0.897785 545
1790470909.973155 0.737358 -14.666443 0.000000 0.000000 0.000000 -0.319777 0.947493 546
1790470911.873172 0.749602 -14.605937 0.000000 0.000000 0.000000 -0.080096 0.996787 547
1790470912.906495 0.750296 -14.594787 0.000000 0.000000 0.000000 -0.032982 0.999456 548
1790470916.006509 0.875331 -14.602026 0.000000 0.000000 0.000000 -0.029788 0.999556 551
1790470917.039842 0.936834 -14.606490 0.000000 0.000000 0.000000 -0.029438 0.999567 552
1790470920.639865 1.239905 -14.623425 0.000000 0.000000 0.000000 -0.026504 0.999649 553
1790470921.673199 1.366521 -14.628616 0.000000 0.000000 0.000000 -0.025395 0.999677 554
1790470922.673234 1.486976 -14.635764 0.000000 0.000000 0.000000 -0.024718 0.999694 555
1790470923.706565 1.614786 -14.640066 0.000000 0.000000 0.000000 -0.023166 0.999732 556
1790470924.706566 1.759885 -14.646636 0.000000 0.000000 0.000000 -0.022236 0.999753 557
1790470925.739894 1.906618 -14.649994 0.000000 0.000000 0.000000 -0.021163 0.999776 558
1790470926.773237 2.047436 -14.654032 0.000000 0.000000 0.000000 -0.020081 0.999798 559
1790470927.773243 2.178332 -14.658317 0.000000 0.000000 0.000000 -0.019143 0.999817 560
1790470928.806586 2.311042 -14.661819 0.000000 0.000000 0.000000 -0.018573 0.999828 561
1790470929.839924 2.449053 -14.666999 0.000000 0.000000 0.000000 -0.018140 0.999835 562
1790470930.839942 2.579171 -14.672109 0.000000 0.000000 0.000000 -0.017436 0.999848 563
1790470931.873275 2.714339 -14.676205 0.000000 0.000000 0.000000 -0.017103 0.999854 564
1790470932.873278 2.844600 -14.681032 0.000000 0.000000 0.000000 -0.016781 0.999859 565
1790470933.906608 2.978163 -14.683708 0.000000 0.000000 0.000000 -0.015989 0.999872 566
1790470934.939968 3.118301 -14.687856 0.000000 0.000000 0.000000 -0.015131 0.999886 567
1790470935.973302 3.287204 -14.691886 0.000000 0.000000 0.000000 -0.014234 0.999899 568
1790470937.006642 3.458769 -14.695223 0.000000 0.000000 0.000000 -0.013449 0.999910 569
1790470938.039970 3.628169 -14.700148 0.000000 0.000000 0.000000 -0.012621 0.999920 570
1790470939.073327 3.781382 -14.703284 0.000000 0.000000 0.000000 -0.012338 0.999924 571
1790470940.106664 3.977803 -14.708126 0.000000 0.000000 0.000000 -0.011365 0.999935 572
1790470941.106690 4.192966 -14.712297 0.000000 0.000000 0.000000 -0.010612 0.999944 573
1790470942.173352 4.437429 -14.718487 0.000000 0.000000 0.000000 -0.010069 0.999949 574
1790470943.206684 4.678559 -14.723861 0.000000 0.000000 0.000000 -0.009149 0.999958 575
1790470944.206699 4.902656 -14.727619 0.000000 0.000000 0.000000 -0.008932 0.999960 576
1790470945.240040 5.138083 -14.729062 0.000000 0.000000 0.000000 -0.006320 0.999980 577
1790470946.273379 5.365261 -14.725901 0.000000 0.000000 0.000000 -0.004829 0.999988 578
1790470947.273385 5.588859 -14.728289 0.000000 0.000000 0.000000 -0.004005 0.999992 579
1790470948.273397 5.810869 -14.729676 0.000000 0.000000 0.000000 -0.003042 0.999995 580
1790470949.306722 6.044824 -14.735076 0.000000 0.000000 0.000000 -0.002453 0.999997 581
1790470950.306724 6.266876 -14.737403 0.000000 0.000000 0.000000 -0.003351 0.999994 582
1790470951.340090 6.497052 -14.739281 0.000000 0.000000 0.000000 -0.004010 0.999992 583
1790470952.406767 6.731608 -14.741706 0.000000 0.000000 0.000000 -0.006569 0.999978 584
1790470953.440086 6.953592 -14.746201 0.000000 0.000000 0.000000 -0.007922 0.999969 585
1790470954.473460 7.177212 -14.753064 0.000000 0.000000 0.000000 -0.008226 0.999966 586
1790470955.506786 7.400023 -14.751879 0.000000 0.000000 0.000000 -0.009290 0.999957 587
1790470956.540129 7.623857 -14.757458 0.000000 0.000000 0.000000 -0.010700 0.999943 588
1790470957.573460 7.858281 -14.764615 0.000000 0.000000 0.000000 -0.011571 0.999933 589
1790470958.606821 8.089479 -14.778225 0.000000 0.000000 0.000000 -0.015158 0.999885 590
1790470959.673479 8.330428 -14.783344 0.000000 0.000000 0.000000 -0.015368 0.999882 591
1790470960.706821 8.561996 -14.791612 0.000000 0.000000 0.000000 -0.019397 0.999812 592
1790470961.806811 8.810968 -14.797091 0.000000 0.000000 0.000000 -0.023907 0.999714 593
1790470962.806832 9.033123 -14.809316 0.000000 0.000000 0.000000 -0.021984 0.999758 594
1790470964.906834 9.069238 -15.028201 0.000000 0.000000 0.000000 0.236020 0.971748 596
1790470965.906841 9.082016 -14.993660 0.000000 0.000000 0.000000 0.447875 0.894096 597
1790470966.906872 9.077210 -14.977436 0.000000 0.000000 0.000000 0.652752 0.757571 598
1790470967.906872 9.070993 -14.962690 0.000000 0.000000 0.000000 0.731944 0.681364 599
1790470972.006896 9.064976 -14.948524 0.000000 0.000000 0.000000 0.824413 0.565988 603
1790470973.073562 9.058570 -14.933739 0.000000 0.000000 0.000000 0.891017 0.453970 604
1790470974.073565 9.028791 -14.940345 0.000000 0.000000 0.000000 0.939288 0.343130 605
1790470975.106913 9.007225 -14.951667 0.000000 0.000000 0.000000 0.974362 0.224987 606
1790470976.140278 8.993344 -14.972373 0.000000 0.000000 0.000000 0.994735 0.102485 607
1790470977.206926 8.972469 -14.985807 0.000000 0.000000 0.000000 0.999877 -0.015682 608
1790470984.506984 8.811543 -14.987532 0.000000 0.000000 0.000000 0.999913 -0.013211 614
1790470985.606978 8.662934 -14.987839 0.000000 0.000000 0.000000 0.999922 -0.012455 615
1790470986.606988 8.509767 -14.988609 0.000000 0.000000 0.000000 0.999921 -0.012587 616
1790470987.606996 8.338045 -14.990925 0.000000 0.000000 0.000000 0.999914 -0.013120 617
1790470988.607015 8.169259 -14.994114 0.000000 0.000000 0.000000 0.999925 -0.012242 618
1790470989.673676 7.986956 -14.997991 0.000000 0.000000 0.000000 0.999934 -0.011487 619
1790470990.740332 7.781546 -15.002613 0.000000 0.000000 0.000000 0.999932 -0.011673 620
1790470991.740350 7.573547 -15.007523 0.000000 0.000000 0.000000 0.999924 -0.012327 621
1790470992.773683 7.355641 -15.009598 0.000000 0.000000 0.000000 0.999910 -0.013416 622
1790470993.807020 7.139129 -15.014349 0.000000 0.000000 0.000000 0.999912 -0.013236 623
1790470994.840357 6.924468 -15.020957 0.000000 0.000000 0.000000 0.999920 -0.012619 624
1790470995.840375 6.715348 -15.027209 0.000000 0.000000 0.000000 0.999921 -0.012566 625
1790470996.873728 6.500448 -15.033056 0.000000 0.000000 0.000000 0.999915 -0.013052 626
1790470997.907060 6.284425 -15.038860 0.000000 0.000000 0.000000 0.999907 -0.013618 627
1790470998.907069 6.076045 -15.045149 0.000000 0.000000 0.000000 0.999911 -0.013378 628
1790470999.940403 5.860734 -15.051279 0.000000 0.000000 0.000000 0.999904 -0.013881 629
1790471000.973740 5.640780 -15.057464 0.000000 0.000000 0.000000 0.999894 -0.014528 630
1790471002.007089 5.420824 -15.062557 0.000000 0.000000 0.000000 0.999891 -0.014766 631
1790471003.040420 5.202346 -15.069816 0.000000 0.000000 0.000000 0.999881 -0.015433 632
1790471004.040436 4.991502 -15.075887 0.000000 0.000000 0.000000 0.999868 -0.016260 633
1790471005.073791 4.775585 -15.083344 0.000000 0.000000 0.000000 0.999842 -0.017779 634
1790471006.107105 4.559481 -15.090576 0.000000 0.000000 0.000000 0.999839 -0.017963 635
1790471007.140442 4.341554 -15.099590 0.000000 0.000000 0.000000 0.999834 -0.018219 636
1790471008.173795 4.124246 -15.108253 0.000000 0.000000 0.000000 0.999823 -0.018817 637
1790471009.173799 3.915048 -15.117859 0.000000 0.000000 0.000000 0.999810 -0.019490 638
1790471010.207150 3.699249 -15.127730 0.000000 0.000000 0.000000 0.999791 -0.020465 639
1790471011.273801 3.471764 -15.136396 0.000000 0.000000 0.000000 0.999764 -0.021714 640
1790471012.307159 3.244479 -15.147320 0.000000 0.000000 0.000000 0.999724 -0.023506 641
1790471013.340512 3.020283 -15.160002 0.000000 0.000000 0.000000 0.999696 -0.024668 642
1790471014.373842 2.792435 -15.173457 0.000000 0.000000 0.000000 0.999649 -0.026508 643
1790471015.407171 2.569030 -15.187200 0.000000 0.000000 0.000000 0.999630 -0.027193 644
1790471016.440519 2.337758 -15.201463 0.000000 0.000000 0.000000 0.999598 -0.028353 645
1790471017.473856 2.104494 -15.213306 0.000000 0.000000 0.000000 0.999561 -0.029614 646
1790471018.473858 1.883203 -15.226918 0.000000 0.000000 0.000000 0.999509 -0.031346 647
1790471019.507227 1.656106 -15.241200 0.000000 0.000000 0.000000 0.999450 -0.033173 648
1790471020.574037 1.423783 -15.255398 0.000000 0.000000 0.000000 0.999383 -0.035112 649
1790471021.607215 1.195521 -15.270324 0.000000 0.000000 0.000000 0.999302 -0.037354 650
1790471022.607223 0.971039 -15.286769 0.000000 0.000000 0.000000 0.999205 -0.039869 651
1790471023.640552 0.739880 -15.306220 0.000000 0.000000 0.000000 0.999099 -0.042435 652
1790471024.640569 0.527749 -15.324986 0.000000 0.000000 0.000000 0.998985 -0.045054 653
1790471025.640645 0.313389 -15.346698 0.000000 0.000000 0.000000 0.998850 -0.047938 654
1790471026.707250 0.081201 -15.370001 0.000000 0.000000 0.000000 0.998800 -0.048976 655
1790471027.740575 -0.145190 -15.395486 0.000000 0.000000 0.000000 0.998755 -0.049887 656
1790471028.773929 -0.372999 -15.418606 0.000000 0.000000 0.000000 0.998662 -0.051717 657
1790471029.773931 -0.595304 -15.445340 0.000000 0.000000 0.000000 0.998602 -0.052857 658
1790471030.807278 -0.815191 -15.470461 0.000000 0.000000 0.000000 0.998505 -0.054662 659
1790471031.873934 -1.010667 -15.493441 0.000000 0.000000 0.000000 0.998398 -0.056578 660
1790471032.907298 -1.184678 -15.499605 0.000000 0.000000 0.000000 0.999777 -0.021107 661
1790471033.940632 -1.388423 -15.500982 0.000000 0.000000 0.000000 0.999916 -0.012932 662
1790471034.973970 -1.586102 -15.507237 0.000000 0.000000 0.000000 0.999912 -0.013268 663
1790471036.007300 -1.774775 -15.512367 0.000000 0.000000 0.000000 0.999906 -0.013745 664
1790471037.007318 -1.946255 -15.517693 0.000000 0.000000 0.000000 0.999894 -0.014532 665
1790471038.040664 -2.119288 -15.524017 0.000000 0.000000 0.000000 0.999878 -0.015592 666
1790471039.073993 -2.294225 -15.530261 0.000000 0.000000 0.000000 0.999859 -0.016805 667
1790471040.107343 -2.467812 -15.537617 0.000000 0.000000 0.000000 0.999841 -0.017812 668
1790471041.140703 -2.635104 -15.545600 0.000000 0.000000 0.000000 0.999827 -0.018595 669
1790471042.174027 -2.789658 -15.551407 0.000000 0.000000 0.000000 0.999818 -0.019096 670
1790471043.207351 -2.964763 -15.560397 0.000000 0.000000 0.000000 0.999802 -0.019915 671
1790471044.207360 -3.146350 -15.570146 0.000000 0.000000 0.000000 0.999792 -0.020372 672
1790471045.207382 -3.325263 -15.576903 0.000000 0.000000 0.000000 0.999776 -0.021178 673
1790471046.207393 -3.509475 -15.586733 0.000000 0.000000 0.000000 0.999760 -0.021892 674
1790471047.240722 -3.714733 -15.594042 0.000000 0.000000 0.000000 0.999743 -0.022689 675
1790471048.307391 -3.928762 -15.602152 0.000000 0.000000 0.000000 0.999677 -0.025415 676
1790471049.307406 -4.124856 -15.615784 0.000000 0.000000 0.000000 0.999625 -0.027375 677
1790471050.340763 -4.345197 -15.627884 0.000000 0.000000 0.000000 0.999575 -0.029150 678
1790471051.374077 -4.561611 -15.644191 0.000000 0.000000 0.000000 0.999593 -0.028544 679
1790471052.374082 -4.769045 -15.656031 0.000000 0.000000 0.000000 0.999599 -0.028311 680
1790471053.407439 -4.982290 -15.673423 0.000000 0.000000 0.000000 0.999574 -0.029172 681
1790471054.440761 -5.197821 -15.688546 0.000000 0.000000 0.000000 0.999596 -0.028440 682
1790471055.474116 -5.416168 -15.702133 0.000000 0.000000 0.000000 0.999668 -0.025780 683
1790471056.507441 -5.631835 -15.697218 0.000000 0.000000 0.000000 0.999656 -0.026215 684
1790471057.507472 -5.837138 -15.705286 0.000000 0.000000 0.000000 0.999636 -0.026991 685
1790471058.574137 -6.041296 -15.718175 0.000000 0.000000 0.000000 0.999636 -0.026986 686
1790471059.574292 -6.196996 -15.727729 0.000000 0.000000 0.000000 0.999607 -0.028038 687
1790471060.607476 -6.340682 -15.733610 0.000000 0.000000 0.000000 0.999620 -0.027581 688
1790471061.640824 -6.488088 -15.740182 0.000000 0.000000 0.000000 0.999515 -0.031130 689
1790471062.674180 -6.634805 -15.749933 0.000000 0.000000 0.000000 0.999490 -0.031920 690
1790471063.707513 -6.746229 -15.754979 0.000000 0.000000 0.000000 0.999269 -0.038232 691
1790471065.774202 -6.748355 -15.730213 0.000000 0.000000 0.000000 0.999324 0.036769 693
1790471066.840888 -6.747477 -15.721497 0.000000 0.000000 0.000000 0.997961 0.063830 694
1790471067.874196 -6.741111 -15.687946 0.000000 0.000000 0.000000 0.984500 0.175386 695
1790471068.907544 -6.736701 -15.682183 0.000000 0.000000 0.000000 0.978728 0.205162 696
1790471070.974216 -6.728751 -15.664977 0.000000 0.000000 0.000000 0.957643 0.287959 698
1790471072.007547 -6.720541 -15.652735 0.000000 0.000000 0.000000 0.934571 0.355777 699
1790471073.007584 -6.709735 -15.639516 0.000000 0.000000 0.000000 0.908564 0.417746 700
1790471074.040898 -6.695426 -15.629639 0.000000 0.000000 0.000000 0.877103 0.480303 701
1790471075.040903 -6.681128 -15.618483 0.000000 0.000000 0.000000 0.842494 0.538706 702
1790471076.107590 -6.667110 -15.612622 0.000000 0.000000 0.000000 0.816008 0.578041 703
1790471077.140930 -6.653928 -15.604733 0.000000 0.000000 0.000000 0.785503 0.618858 704
1790471078.207592 -6.630836 -15.604188 0.000000 0.000000 0.000000 0.731731 0.681593 705
1790471079.274259 -6.625613 -15.574727 0.000000 0.000000 0.000000 0.672450 0.740143 706
1790471080.274261 -6.622368 -15.574483 0.000000 0.000000 0.000000 0.594119 0.804377 707
1790471081.274273 -6.619068 -15.574514 0.000000 0.000000 0.000000 0.510834 0.859679 708
1790471082.274284 -6.599227 -15.590809 0.000000 0.000000 0.000000 0.447472 0.894298 709
1790471083.374272 -6.616065 -15.547647 0.000000 0.000000 0.000000 0.347947 0.937514 710
1790471084.374279 -6.601740 -15.557180 0.000000 0.000000 0.000000 0.267714 0.963498 711
1790471085.374294 -6.579002 -15.575589 0.000000 0.000000 0.000000 0.183566 0.983007 712
1790471086.374303 -6.547005 -15.593679 0.000000 0.000000 0.000000 0.097677 0.995218 713
1790471087.407625 -6.537055 -15.612165 0.000000 0.000000 0.000000 0.022216 0.999753 714
1790471088.407651 -6.423573 -15.617373 0.000000 0.000000 0.000000 0.021460 0.999770 715
1790471089.407659 -6.238559 -15.609957 0.000000 0.000000 0.000000 0.021182 0.999776 716
1790471090.440990 -6.043192 -15.600371 0.000000 0.000000 0.000000 0.020515 0.999790 717
1790471091.440991 -5.836770 -15.591513 0.000000 0.000000 0.000000 0.020847 0.999783 718
1790471092.474332 -5.624841 -15.581521 0.000000 0.000000 0.000000 0.021413 0.999771 719
1790471093.474358 -5.412982 -15.573267 0.000000 0.000000 0.000000 0.021878 0.999761 720
1790471094.507682 -5.182851 -15.561323 0.000000 0.000000 0.000000 0.022260 0.999752 721
1790471095.507690 -4.961051 -15.550812 0.000000 0.000000 0.000000 0.022623 0.999744 722
1790471096.541018 -4.733704 -15.540603 0.000000 0.000000 0.000000 0.023598 0.999722 723
1790471097.574374 -4.512927 -15.524921 0.000000 0.000000 0.000000 0.024230 0.999706 724
1790471098.607721 -4.286870 -15.513433 0.000000 0.000000 0.000000 0.025031 0.999687 725
1790471099.674370 -4.049766 -15.501213 0.000000 0.000000 0.000000 0.025888 0.999665 726
1790471100.674383 -3.821487 -15.489968 0.000000 0.000000 0.000000 0.026701 0.999644 727
1790471101.674391 -3.598550 -15.476321 0.000000 0.000000 0.000000 0.027993 0.999608 728
1790471102.707727 -3.370795 -15.463718 0.000000 0.000000 0.000000 0.029407 0.999568 729
1790471103.741066 -3.140743 -15.448210 0.000000 0.000000 0.000000 0.030220 0.999543 730
1790471104.741174 -2.908222 -15.438122 0.000000 0.000000 0.000000 0.032086 0.999485 731
1790471106.807763 -2.442054 -15.406719 0.000000 0.000000 0.000000 0.034764 0.999396 732
1790471107.841098 -2.221518 -15.390455 0.000000 0.000000 0.000000 0.035560 0.999368 733
1790471108.874419 -1.996700 -15.374033 0.000000 0.000000 0.000000 0.036448 0.999336 734
1790471109.874449 -1.774250 -15.356155 0.000000 0.000000 0.000000 0.037597 0.999293 735
1790471110.907775 -1.541025 -15.338492 0.000000 0.000000 0.000000 0.039278 0.999228 736
1790471111.941110 -1.307713 -15.319551 0.000000 0.000000 0.000000 0.040228 0.999191 737
1790471112.974438 -1.079105 -15.298723 0.000000 0.000000 0.000000 0.043376 0.999059 738
1790471114.007788 -0.856285 -15.259455 0.000000 0.000000 0.000000 0.046309 0.998927 739
1790471115.041130 -0.605608 -15.227902 0.000000 0.000000 0.000000 0.048728 0.998812 740
1790471116.074462 -0.357051 -15.198565 0.000000 0.000000 0.000000 0.050158 0.998741 741
1790471117.074477 -0.110067 -15.167428 0.000000 0.000000 0.000000 0.049655 0.998766 742
1790471118.107812 0.120258 -15.139990 0.000000 0.000000 0.000000 0.048116 0.998842 743
1790471119.141158 0.368663 -15.101695 0.000000 0.000000 0.000000 0.047475 0.998872 744
1790471120.174490 0.490194 -15.107774 0.000000 0.000000 0.000000 0.047231 0.998884 745
1790471122.241184 0.507343 -15.056458 0.000000 0.000000 0.000000 0.169225 0.985578 747
1790471123.241202 0.518744 -15.014765 0.000000 0.000000 0.000000 0.279098 0.960263 748
1790471124.241215 0.503447 -14.988773 0.000000 0.000000 0.000000 0.385344 0.922773 749
1790471125.274561 0.473673 -14.969164 0.000000 0.000000 0.000000 0.492655 0.870225 750
1790471126.274587 0.453084 -14.961610 0.000000 0.000000 0.000000 0.589001 0.808133 751
1790471127.307933 0.440738 -14.959922 0.000000 0.000000 0.000000 0.663234 0.748412 752
1790471131.441322 0.441669 -14.950641 0.000000 0.000000 0.000000 0.682556 0.730833 756
1790471132.474683 0.464225 -14.757663 0.000000 0.000000 0.000000 0.684619 0.728901 757
1790471133.541347 0.483970 -14.527869 0.000000 0.000000 0.000000 0.684250 0.729247 758
1790471134.541389 0.497660 -14.320198 0.000000 0.000000 0.000000 0.685651 0.727931 759
1790471137.808073 0.548519 -13.505205 0.000000 0.000000 0.000000 0.688006 0.725705 760
1790471138.808115 0.563793 -13.248187 0.000000 0.000000 0.000000 0.689082 0.724683 761
1790471139.808129 0.576304 -12.990847 0.000000 0.000000 0.000000 0.689764 0.724034 762
1790471140.808130 0.576912 -12.733059 0.000000 0.000000 0.000000 0.718218 0.695818 763
1790471141.841475 0.558579 -12.448882 0.000000 0.000000 0.000000 0.728668 0.684867 764
1790471142.841502 0.537609 -12.163120 0.000000 0.000000 0.000000 0.730773 0.682620 765
1790471143.841518 0.514108 -11.850497 0.000000 0.000000 0.000000 0.731895 0.681417 766
1790471144.841528 0.489315 -11.530364 0.000000 0.000000 0.000000 0.732951 0.680282 767
1790471145.874880 0.470747 -11.213952 0.000000 0.000000 0.000000 0.721156 0.692772 768
1790471146.874903 0.460605 -10.921528 0.000000 0.000000 0.000000 0.720608 0.693342 769
1790471147.874935 0.446149 -10.602757 0.000000 0.000000 0.000000 0.720520 0.693434 770
1790471148.941590 0.432045 -10.286493 0.000000 0.000000 0.000000 0.721284 0.692639 771
1790471149.974942 0.414492 -9.974920 0.000000 0.000000 0.000000 0.722002 0.691891 772
1790471150.974955 0.418638 -9.668702 0.000000 0.000000 0.000000 0.693289 0.720660 773
1790471152.008295 0.424812 -9.348804 0.000000 0.000000 0.000000 0.697988 0.716109 774
1790471153.008309 0.432735 -9.067403 0.000000 0.000000 0.000000 0.705769 0.708442 775
1790471154.074980 0.442797 -8.764408 0.000000 0.000000 0.000000 0.711809 0.702374 776
1790471155.108308 0.453198 -8.451179 0.000000 0.000000 0.000000 0.714166 0.699976 777
1790471156.108379 0.447812 -8.161985 0.000000 0.000000 0.000000 0.716645 0.697438 778
1790471157.141663 0.440113 -7.851932 0.000000 0.000000 0.000000 0.718771 0.695247 779
1790471158.141681 0.430250 -7.563843 0.000000 0.000000 0.000000 0.721774 0.692129 780
1790471159.208340 0.413915 -7.256420 0.000000 0.000000 0.000000 0.724127 0.689667 781
1790471160.241689 0.399934 -6.957281 0.000000 0.000000 0.000000 0.725248 0.688488 782
1790471161.275033 0.383426 -6.647034 0.000000 0.000000 0.000000 0.726426 0.687245 783
1790471162.341698 0.364291 -6.332343 0.000000 0.000000 0.000000 0.728049 0.685525 784
1790471163.408366 0.343596 -6.027323 0.000000 0.000000 0.000000 0.728744 0.684786 785
1790471164.441715 0.322481 -5.723203 0.000000 0.000000 0.000000 0.729538 0.683940 786
1790471165.441737 0.300776 -5.429929 0.000000 0.000000 0.000000 0.729901 0.683553 787
1790471166.475057 0.279989 -5.124406 0.000000 0.000000 0.000000 0.730952 0.682429 788
1790471167.475067 0.259028 -4.833567 0.000000 0.000000 0.000000 0.731927 0.681383 789
1790471168.508430 0.238553 -4.535530 0.000000 0.000000 0.000000 0.732790 0.680454 790
1790471169.541758 0.214372 -4.234824 0.000000 0.000000 0.000000 0.733544 0.679642 791
1790471170.575080 0.189559 -3.936851 0.000000 0.000000 0.000000 0.733837 0.679325 792
1790471171.575096 0.167273 -3.663823 0.000000 0.000000 0.000000 0.734248 0.678881 793
1790471172.608437 0.141430 -3.381301 0.000000 0.000000 0.000000 0.735587 0.677431 794
1790471173.641777 0.117031 -3.105602 0.000000 0.000000 0.000000 0.736434 0.676510 795
1790471174.708456 0.091362 -2.826494 0.000000 0.000000 0.000000 0.736973 0.675922 796
1790471175.741771 0.067776 -2.562648 0.000000 0.000000 0.000000 0.737433 0.675421 797
1790471176.808465 0.041355 -2.285845 0.000000 0.000000 0.000000 0.737983 0.674820 798
1790471177.808471 0.017670 -2.036037 0.000000 0.000000 0.000000 0.738860 0.673859 799
1790471178.841804 -0.007674 -1.773425 0.000000 0.000000 0.000000 0.739254 0.673427 800
1790471179.908496 -0.035377 -1.503256 0.000000 0.000000 0.000000 0.739887 0.672731 801
1790471180.941823 -0.062162 -1.240808 0.000000 0.000000 0.000000 0.740912 0.671602 802
1790471181.941824 -0.089133 -0.987507 0.000000 0.000000 0.000000 0.741817 0.670602 803
1790471182.941831 -0.116022 -0.738960 0.000000 0.000000 0.000000 0.742273 0.670098 804
1790471183.941833 -0.140804 -0.515713 0.000000 0.000000 0.000000 0.742696 0.669629 805
1790471184.975188 -0.163740 -0.320282 0.000000 0.000000 0.000000 0.742598 0.669737 806
1790471187.041849 -0.121091 -0.308470 0.000000 0.000000 0.000000 0.629491 0.777007 808
1790471188.075184 -0.072931 -0.322034 0.000000 0.000000 0.000000 0.483564 0.875309 809
1790471189.108549 -0.043802 -0.351230 0.000000 0.000000 0.000000 0.322019 0.946733 810
1790471190.175213 0.028703 -0.305005 0.000000 0.000000 0.000000 0.307326 0.951604 811
1790471195.808574 0.457075 -0.097763 0.000000 0.000000 0.000000 0.022958 0.999736 812
1790471202.941954 0.495555 -0.095266 0.000000 0.000000 0.000000 0.020331 0.999793 819
1790471206.041987 0.657467 -0.087909 0.000000 0.000000 0.000000 0.017953 0.999839 822
1790471207.041990 0.768041 -0.084755 0.000000 0.000000 0.000000 0.017679 0.999844 823
1790471208.075322 0.888683 -0.081474 0.000000 0.000000 0.000000 0.017198 0.999852 824
1790471209.141980 1.006139 -0.080845 0.000000 0.000000 0.000000 0.018040 0.999837 825
1790471210.142009 1.107516 -0.078133 0.000000 0.000000 0.000000 0.019098 0.999818 826
1790471211.142013 1.212132 -0.075955 0.000000 0.000000 0.000000 0.019961 0.999801 827
1790471212.142013 1.312303 -0.076582 0.000000 0.000000 0.000000 0.022503 0.999747 828
1790471213.175346 1.418386 -0.074181 0.000000 0.000000 0.000000 0.025703 0.999670 829
1790471214.175362 1.533610 -0.073365 0.000000 0.000000 0.000000 0.025675 0.999670 830
1790471215.175373 1.634943 -0.068462 0.000000 0.000000 0.000000 0.025508 0.999675 831
1790471216.275364 1.747649 -0.064100 0.000000 0.000000 0.000000 0.025821 0.999667 832
1790471217.275381 1.852688 -0.059890 0.000000 0.000000 0.000000 0.025840 0.999666 833
1790471218.275389 1.960969 -0.053946 0.000000 0.000000 0.000000 0.026693 0.999644 834
1790471219.275396 2.068984 -0.048366 0.000000 0.000000 0.000000 0.027276 0.999628 835
1790471220.275400 2.138059 -0.041596 0.000000 0.000000 0.000000 0.028417 0.999596 836
1790471221.308724 2.242260 -0.031972 0.000000 0.000000 0.000000 0.029326 0.999570 837
1790471222.308751 2.355587 -0.013953 0.000000 0.000000 0.000000 0.030364 0.999539 838
1790471223.308757 2.448627 0.000540 0.000000 0.000000 0.000000 0.031044 0.999518 839
1790471224.342101 2.544078 0.011140 0.000000 0.000000 0.000000 0.031789 0.999495 840
1790471225.408751 2.628119 0.007993 0.000000 0.000000 0.000000 0.032840 0.999461 841
1790471226.408770 2.754710 0.010351 0.000000 0.000000 0.000000 0.034455 0.999406 842
1790471227.442110 2.894496 0.018411 0.000000 0.000000 0.000000 0.035136 0.999383 843
1790471228.508761 3.038009 0.028166 0.000000 0.000000 0.000000 0.036108 0.999348 844
1790471229.508775 3.172961 0.038652 0.000000 0.000000 0.000000 0.036402 0.999337 845
1790471230.508791 3.316749 0.047163 0.000000 0.000000 0.000000 0.036963 0.999317 846
1790471231.542130 3.482548 0.061084 0.000000 0.000000 0.000000 0.037192 0.999308 847
1790471232.542134 3.641622 0.073892 0.000000 0.000000 0.000000 0.037043 0.999314 848
1790471233.542145 3.797357 0.088226 0.000000 0.000000 0.000000 0.036518 0.999333 849
1790471234.608820 3.967669 0.100722 0.000000 0.000000 0.000000 0.036120 0.999347 850
1790471235.642156 4.133766 0.113644 0.000000 0.000000 0.000000 0.035835 0.999358 851
1790471236.642162 4.297503 0.126346 0.000000 0.000000 0.000000 0.035224 0.999380 852
1790471237.742167 4.482903 0.138451 0.000000 0.000000 0.000000 0.034529 0.999404 853
1790471238.775519 4.661157 0.150205 0.000000 0.000000 0.000000 0.034186 0.999416 854
1790471239.842197 4.855266 0.164021 0.000000 0.000000 0.000000 0.033872 0.999426 855
1790471240.942183 5.063276 0.173403 0.000000 0.000000 0.000000 0.034749 0.999396 856
1790471241.942207 5.258605 0.187974 0.000000 0.000000 0.000000 0.035605 0.999366 857
1790471242.975546 5.447817 0.194989 0.000000 0.000000 0.000000 0.033872 0.999426 858
1790471243.975547 5.642272 0.214399 0.000000 0.000000 0.000000 0.030771 0.999526 859
1790471245.042221 5.852970 0.215635 0.000000 0.000000 0.000000 0.030675 0.999529 860
1790471246.108877 6.053022 0.236286 0.000000 0.000000 0.000000 0.030460 0.999536 861
1790471247.142231 6.254958 0.249418 0.000000 0.000000 0.000000 0.031617 0.999500 862
1790471248.208904 6.465000 0.261790 0.000000 0.000000 0.000000 0.034846 0.999393 863
1790471249.242261 6.671788 0.276238 0.000000 0.000000 0.000000 0.039578 0.999216 864
1790471253.108928 7.496980 0.360011 0.000000 0.000000 0.000000 0.043159 0.999068 865
1790471254.108928 7.722783 0.374288 0.000000 0.000000 0.000000 0.028417 0.999596 866
1790471255.108938 7.972074 0.389236 0.000000 0.000000 0.000000 0.019719 0.999806 867
1790471256.108940 8.219148 0.401398 0.000000 0.000000 0.000000 0.020459 0.999791 868
1790471257.142280 8.459905 0.413254 0.000000 0.000000 0.000000 0.021008 0.999779 869
1790471258.208942 8.686558 0.427505 0.000000 0.000000 0.000000 0.022566 0.999745 870
1790471259.275605 8.896116 0.438148 0.000000 0.000000 0.000000 0.023847 0.999716 871
1790471260.308957 9.097198 0.451303 0.000000 0.000000 0.000000 0.024815 0.999692 872
1790471261.308963 9.288219 0.473269 0.000000 0.000000 0.000000 0.021752 0.999763 873
1790471264.842305 9.910071 0.484133 0.000000 0.000000 0.000000 0.029441 0.999567 874
1790471270.942338 9.841008 0.476850 0.000000 0.000000 0.000000 0.014321 0.999897 880
1790471271.975677 9.732746 0.471537 0.000000 0.000000 0.000000 0.013642 0.999907 881
1790471272.975700 9.616291 0.468075 0.000000 0.000000 0.000000 0.012908 0.999917 882
1790471274.009011 9.473291 0.473350 0.000000 0.000000 0.000000 0.004282 0.999991 883
1790471275.042337 9.321060 0.468984 0.000000 0.000000 0.000000 0.008171 0.999967 884
1790471278.442349 8.778192 0.466074 0.000000 0.000000 0.000000 0.000108 1.000000 885
1790471279.442366 8.608819 0.463167 0.000000 0.000000 0.000000 0.003453 0.999994 886
1790471280.509012 8.429804 0.459839 0.000000 0.000000 0.000000 0.004954 0.999988 887
1790471281.542368 8.256566 0.456741 0.000000 0.000000 0.000000 0.005183 0.999987 888
1790471282.609037 8.072677 0.456218 0.000000 0.000000 0.000000 0.004654 0.999989 889
1790471283.609038 7.907260 0.440676 0.000000 0.000000 0.000000 0.011434 0.999935 890
1790471284.642362 7.736807 0.428820 0.000000 0.000000 0.000000 0.011449 0.999934 891
1790471288.342390 7.093892 0.432427 0.000000 0.000000 0.000000 0.005251 0.999986 892
1790471292.309062 6.349668 0.468117 0.000000 0.000000 0.000000 0.006049 0.999982 893
1790471296.275752 5.580310 0.449319 0.000000 0.000000 0.000000 0.007499 0.999972 894
1790471300.309110 4.784309 0.432124 0.000000 0.000000 0.000000 0.007658 0.999971 895
1790471304.442469 3.987553 0.433952 0.000000 0.000000 0.000000 0.003400 0.999994 896
1790471308.575803 3.074766 0.419521 0.000000 0.000000 0.000000 0.000467 1.000000 897
1790471309.609143 2.822842 0.417447 0.000000 0.000000 0.000000 -0.001290 0.999999 898
1790471310.609163 2.675541 0.414624 0.000000 0.000000 0.000000 -0.001675 0.999999 899
1790471314.442522 2.059148 0.366374 0.000000 0.000000 0.000000 0.054093 0.998536 900
1790471319.009233 1.308676 0.278620 0.000000 0.000000 0.000000 0.052803 0.998605 901
1790471323.209235 0.508783 0.212383 0.000000 0.000000 0.000000 0.046553 0.998916 902
1790471324.275913 0.295764 0.191702 0.000000 0.000000 0.000000 0.046299 0.998928 903
1790471325.309234 0.085881 0.172590 0.000000 0.000000 0.000000 0.045832 0.998949 904
1790471326.309262 0.055701 0.167246 0.000000 0.000000 0.000000 0.046250 0.998930 905
1790471330.175935 0.052969 0.152141 0.000000 0.000000 0.000000 -0.334676 0.942333 906
1790471331.175957 0.053587 0.140148 0.000000 0.000000 0.000000 -0.425005 0.905191 907
1790471332.175967 0.022347 0.130599 0.000000 0.000000 0.000000 -0.530621 0.847609 908
1790471333.209291 -0.002849 0.102842 0.000000 0.000000 0.000000 -0.625807 0.779978 909
1790471337.275985 -0.033259 0.091585 0.000000 0.000000 0.000000 -0.704810 0.709396 910
1790471341.376028 -0.029055 -0.605681 0.000000 0.000000 0.000000 -0.705197 0.709012 911
1790471342.442676 -0.024861 -0.942287 0.000000 0.000000 0.000000 -0.704540 0.709665 912
1790471346.276036 -0.006549 -2.214025 0.000000 0.000000 0.000000 -0.702796 0.711392 913
1790471347.276057 -0.000718 -2.594177 0.000000 0.000000 0.000000 -0.701890 0.712285 914
1790471348.342721 0.007465 -3.007773 0.000000 0.000000 0.000000 -0.700596 0.713558 915
1790471352.442779 0.060665 -4.566579 0.000000 0.000000 0.000000 -0.696165 0.717882 916
1790471356.742793 0.125803 -6.221512 0.000000 0.000000 0.000000 -0.691579 0.722301 917
1790471357.776107 0.143650 -6.603642 0.000000 0.000000 0.000000 -0.691481 0.722395 918
1790471361.809485 0.218259 -8.139875 0.000000 0.000000 0.000000 -0.687387 0.726292 919
1790471362.876127 0.245793 -8.535196 0.000000 0.000000 0.000000 -0.686020 0.727583 920
1790471366.909492 0.346639 -10.115153 0.000000 0.000000 0.000000 -0.682862 0.730547 921
1790471367.909518 0.377485 -10.482844 0.000000 0.000000 0.000000 -0.682409 0.730971 922
1790471368.909519 0.404516 -10.856739 0.000000 0.000000 0.000000 -0.681373 0.731937 923
1790471369.942856 0.432335 -11.242836 0.000000 0.000000 0.000000 -0.679916 0.733290 924
1790471370.942859 0.463277 -11.622311 0.000000 0.000000 0.000000 -0.679252 0.733905 925
1790471371.976187 0.497023 -12.054476 0.000000 0.000000 0.000000 -0.677057 0.735931 926
1790471372.976207 0.511898 -12.405268 0.000000 0.000000 0.000000 -0.675065 0.737758 927
1790471373.976210 0.539589 -12.778458 0.000000 0.000000 0.000000 -0.673469 0.739215 928
1790471374.976219 0.575790 -13.158575 0.000000 0.000000 0.000000 -0.672392 0.740195 929
1790471376.009548 0.632761 -13.529969 0.000000 0.000000 0.000000 -0.665872 0.746066 930
1790471377.009567 0.679429 -13.911038 0.000000 0.000000 0.000000 -0.660909 0.750466 931
1790471378.009572 0.728258 -14.262412 0.000000 0.000000 0.000000 -0.659209 0.751960 932
1790471379.009585 0.775380 -14.616855 0.000000 0.000000 0.000000 -0.658873 0.752254 933
1790471380.076241 0.813458 -14.886472 0.000000 0.000000 0.000000 -0.658048 0.752976 934
1790471381.109583 0.825677 -14.954836 0.000000 0.000000 0.000000 -0.658345 0.752716 935
1790471383.109613 0.828677 -14.955103 0.000000 0.000000 0.000000 -0.554456 0.832213 937
1790471384.176268 0.833954 -14.958682 0.000000 0.000000 0.000000 -0.425982 0.904732 938
1790471385.242950 0.881234 -14.937004 0.000000 0.000000 0.000000 -0.291280 0.956638 939
1790471389.409632 0.891713 -14.871612 0.000000 0.000000 0.000000 -0.036196 0.999345 940
1790471394.009682 1.058958 -14.863576 0.000000 0.000000 0.000000 0.001602 0.999999 941
1790471398.509711 2.205002 -14.844501 0.000000 0.000000 0.000000 0.009705 0.999953 942
1790471402.743046 3.295487 -14.813931 0.000000 0.000000 0.000000 0.014715 0.999892 943
1790471407.176404 4.449371 -14.768545 0.000000 0.000000 0.000000 0.018476 0.999829 944
1790471411.543094 5.568800 -14.727376 0.000000 0.000000 0.000000 0.020911 0.999781 945
1790471415.943109 6.599634 -14.664042 0.000000 0.000000 0.000000 0.019511 0.999810 946
1790471420.243135 7.535641 -14.624519 0.000000 0.000000 0.000000 0.017181 0.999852 947
1790471421.276519 7.778283 -14.618544 0.000000 0.000000 0.000000 0.013864 0.999904 948
1790471422.343153 8.044946 -14.614528 0.000000 0.000000 0.000000 0.010175 0.999948 949
1790471426.176497 9.044673 -14.592400 0.000000 0.000000 0.000000 0.000108 1.000000 950
1790471430.309890 10.066637 -14.577367 0.000000 0.000000 -0.000000 -0.015400 0.999881 951
1790471434.409888 10.063799 -14.537346 0.000000 0.000000 0.000000 0.046910 0.998899 955
1790471435.409921 10.034663 -14.620315 0.000000 0.000000 0.000000 0.228356 0.973578 956
1790471436.409929 10.003669 -14.662977 0.000000 0.000000 0.000000 0.402462 0.915437 957
1790471437.409975 9.959112 -14.742949 0.000000 0.000000 0.000000 0.530069 0.847955 958
1790471438.443230 9.935937 -14.822207 0.000000 0.000000 0.000000 0.654224 0.756301 959
1790471439.443241 9.935256 -14.878972 0.000000 0.000000 0.000000 0.759058 0.651023 960
1790471440.443274 9.944715 -14.923312 0.000000 0.000000 0.000000 0.843769 0.536706 961
1790471441.476595 9.977233 -14.983210 0.000000 0.000000 0.000000 0.912663 0.408713 962
1790471442.476595 10.007984 -15.046438 0.000000 0.000000 0.000000 0.961811 0.273713 963
1790471443.476605 10.045908 -15.121247 0.000000 0.000000 0.000000 0.990766 0.135587 964
1790471444.509925 10.101296 -15.172306 0.000000 0.000000 0.000000 0.999962 -0.008693 965
1790471452.709979 9.974911 -15.180047 0.000000 0.000000 0.000000 0.999946 -0.010439 973
1790471453.710002 9.749008 -15.192255 0.000000 0.000000 0.000000 0.999900 -0.014132 974
1790471454.710004 9.525471 -15.205802 0.000000 0.000000 0.000000 0.999887 -0.015030 975
1790471458.810018 8.415171 -15.238487 0.000000 0.000000 0.000000 0.999899 -0.014212 976
1790471463.176727 7.232254 -15.266119 0.000000 0.000000 0.000000 0.999901 -0.014101 977
1790471467.576755 6.113281 -15.289003 0.000000 0.000000 0.000000 0.999911 -0.013369 978
1790471472.076793 4.908587 -15.315444 0.000000 0.000000 0.000000 0.999874 -0.015853 979
1790471476.543485 3.718022 -15.349135 0.000000 0.000000 0.000000 0.999798 -0.020114 980
1790471477.576812 3.428793 -15.362863 0.000000 0.000000 0.000000 0.999753 -0.022216 981
1790471478.576828 3.140223 -15.376218 0.000000 0.000000 0.000000 0.999707 -0.024227 982
1790471482.843517 1.933443 -15.437953 0.000000 0.000000 0.000000 0.999525 -0.030823 983
1790471487.343549 0.688044 -15.522333 0.000000 0.000000 0.000000 0.999586 -0.028765 984
1790471491.743578 -0.628903 -15.552995 0.000000 0.000000 0.000000 0.999960 0.008930 985
1790471496.243600 -1.948369 -15.554474 0.000000 0.000000 0.000000 0.999999 -0.001175 986
1790471500.810292 -3.185609 -15.573546 0.000000 0.000000 0.000000 0.999980 -0.006318 987
1790471505.277026 -4.393136 -15.604836 0.000000 0.000000 0.000000 0.999855 -0.017039 988
1790471506.343664 -4.707329 -15.616528 0.000000 0.000000 0.000000 0.999904 -0.013829 989
1790471510.410385 -5.792153 -15.651717 0.000000 0.000000 0.000000 0.999408 -0.034390 990
1790471511.443683 -6.086473 -15.673439 0.000000 0.000000 0.000000 0.999385 -0.035075 991
1790471512.543715 -6.365900 -15.685265 0.000000 0.000000 0.000000 0.999170 -0.040744 992
1790471513.610389 -6.626215 -15.714102 0.000000 0.000000 0.000000 0.998941 -0.046001 993
1790471517.543740 -7.490218 -15.809587 0.000000 0.000000 0.000000 0.998665 -0.051652 994
1790471525.077100 -7.494513 -15.799272 0.000000 0.000000 0.000000 0.999937 0.011249 998
1790471526.110457 -7.498102 -15.786083 0.000000 0.000000 0.000000 0.996644 0.081863 999
1790471527.143784 -7.502617 -15.768621 0.000000 0.000000 0.000000 0.988384 0.151977 1000
1790471528.210461 -7.499037 -15.750248 0.000000 0.000000 0.000000 0.970584 0.240764 1001
1790471529.243793 -7.487329 -15.723181 0.000000 0.000000 0.000000 0.943011 0.332762 1002
1790471530.243818 -7.472823 -15.695765 0.000000 0.000000 0.000000 0.909193 0.416374 1003
1790471531.277145 -7.461652 -15.684952 0.000000 0.000000 0.000000 0.880575 0.473907 1004
1790471532.310490 -7.448234 -15.675222 0.000000 0.000000 0.000000 0.840983 0.541061 1005
1790471533.343816 -7.432133 -15.664113 0.000000 0.000000 0.000000 0.790449 0.612528 1006
1790471576.377437 -1.482777 -15.328900 0.000000 0.000000 0.000000 0.037580 0.999294 1007
1790471582.410803 0.023240 -15.151947 0.000000 0.000000 0.000000 0.046035 0.998940 1008
1790471587.077530 0.576421 -15.042978 0.000000 0.000000 0.000000 0.086391 0.996261 1009
1790471591.977536 0.567072 -14.951956 0.000000 0.000000 0.000000 0.687249 0.726422 1010
1790471596.610891 0.584253 -14.701842 0.000000 0.000000 0.000000 0.685465 0.728106 1011
1790471597.644236 0.596413 -14.458278 0.000000 0.000000 0.000000 0.685973 0.727627 1012
1790471598.677570 0.603984 -14.177646 0.000000 0.000000 0.000000 0.686062 0.727543 1013
1790471599.677588 0.623734 -13.876515 0.000000 0.000000 0.000000 0.686890 0.726761 1014
1790471603.977599 0.599774 -12.395171 0.000000 0.000000 0.000000 0.720144 0.693825 1015
1790471604.977603 0.584697 -12.021628 0.000000 0.000000 0.000000 0.721685 0.692221 1016
1790471606.010930 0.565074 -11.624038 0.000000 0.000000 0.000000 0.723562 0.690260 1017
1790471607.110968 0.540918 -11.197596 0.000000 0.000000 0.000000 0.724948 0.688804 1018
1790471611.244279 0.433048 -9.647710 0.000000 0.000000 0.000000 0.729210 0.684290 1019
1790471615.844297 0.376228 -7.955397 0.000000 0.000000 0.000000 0.740405 0.672161 1020
1790471620.377678 0.289819 -6.270095 0.000000 0.000000 0.000000 0.724106 0.689689 1021
1790471625.011055 0.188680 -4.521057 0.000000 0.000000 0.000000 0.727980 0.685599 1022
1790471629.677734 0.064356 -2.771197 0.000000 0.000000 0.000000 0.732126 0.681170 1023
1790471634.344430 0.046482 -1.013323 0.000000 0.000000 0.000000 0.704316 0.709887 1024
1790471635.344438 0.048088 -0.633421 0.000000 0.000000 0.000000 0.705489 0.708721 1025
1790471636.377793 0.047698 -0.307765 0.000000 0.000000 0.000000 0.705510 0.708700 1026
1790471637.411106 0.050336 -0.138012 0.000000 0.000000 0.000000 0.705634 0.708577 1027
1790471638.444467 0.052393 -0.135160 0.000000 0.000000 0.000000 0.705568 0.708642 1028
1790471639.477797 0.092783 -0.127761 0.000000 0.000000 0.000000 0.587514 0.809214 1029
1790471643.844488 0.121730 -0.146560 0.000000 0.000000 0.000000 0.096215 0.995361 1030
1790471648.677846 0.137913 -0.202399 0.000000 0.000000 0.000000 -0.142316 0.989821 1031
1790471649.711180 0.147413 -0.209712 0.000000 0.000000 0.000000 -0.309232 0.950987 1032
1790471650.711181 0.162849 -0.229601 0.000000 0.000000 0.000000 -0.456529 0.889708 1033
1790471651.711210 0.135662 -0.247083 0.000000 0.000000 0.000000 -0.596375 0.802706 1034
1790471656.211244 0.118762 -0.574480 0.000000 0.000000 0.000000 -0.702587 0.711598 1035
1790471657.244557 0.127424 -0.967146 0.000000 0.000000 0.000000 -0.701589 0.712582 1036
1790471658.244577 0.126044 -1.328083 0.000000 0.000000 0.000000 -0.700309 0.713840 1037
1790471659.311245 0.139454 -1.719764 0.000000 0.000000 0.000000 -0.699293 0.714836 1038
1790471660.311257 0.147844 -2.090738 0.000000 0.000000 0.000000 -0.698388 0.715720 1039
1790471664.944618 0.204590 -3.895777 0.000000 0.000000 0.000000 -0.694422 0.719568 1040
1790471669.944656 0.284654 -5.821602 0.000000 0.000000 0.000000 -0.689494 0.724292 1041
1790471674.744673 0.400224 -7.636114 0.000000 0.000000 0.000000 -0.683017 0.730402 1042
1790471675.811367 0.428084 -8.026446 0.000000 0.000000 0.000000 -0.682332 0.731043 1043
1790471680.511371 0.559830 -9.812311 0.000000 0.000000 0.000000 -0.678557 0.734548 1044
1790471681.511378 0.594054 -10.183020 0.000000 0.000000 0.000000 -0.678344 0.734744 1045
1790471682.544720 0.626017 -10.569889 0.000000 0.000000 0.000000 -0.677520 0.735504 1046
1790471683.611394 0.660291 -10.979955 0.000000 0.000000 0.000000 -0.676442 0.736496 1047
1790471684.611408 0.679614 -11.358493 0.000000 0.000000 0.000000 -0.700182 0.713964 1048
1790471689.278087 0.704647 -13.156567 0.000000 0.000000 0.000000 -0.700698 0.713458 1049
1790471694.244784 0.729857 -14.828597 0.000000 0.000000 0.000000 -0.699983 0.714160 1050
1790471702.478183 0.726490 -14.816624 0.000000 0.000000 0.000000 -0.749723 0.661752 1058
1790471703.478211 0.722929 -14.813122 0.000000 0.000000 0.000000 -0.838933 0.544235 1059
1790471704.511538 0.719015 -14.808848 0.000000 0.000000 0.000000 0.912798 -0.408412 1060
1790471708.978234 0.594647 -14.642332 0.000000 0.000000 0.000000 0.998802 -0.048938 1061
1790471713.944937 -0.052927 -14.686426 0.000000 0.000000 0.000000 0.999838 -0.018024 1062
1790471714.978241 -0.367222 -14.696344 0.000000 0.000000 0.000000 0.999798 -0.020114 1063
1790471719.778282 -1.753254 -14.765141 0.000000 0.000000 0.000000 0.999592 -0.028547 1064
1790471724.711642 -3.273025 -14.865201 0.000000 0.000000 0.000000 0.999464 -0.032743 1065
1790471729.611661 -5.007691 -15.005061 0.000000 0.000000 0.000000 0.999359 -0.035802 1066
1790471730.645022 -5.375364 -15.032596 0.000000 0.000000 0.000000 0.999338 -0.036389 1067
1790471735.178402 -6.784277 -15.043588 0.000000 0.000000 0.000000 0.999989 0.004749 1068
1790471739.945064 -8.063829 -15.041240 0.000000 0.000000 0.000000 1.000000 -0.000382 1069
1790471743.078414 -8.054695 -15.065926 0.000000 0.000000 0.000000 0.992797 -0.119813 1072
1790471744.111770 -8.033746 -15.106423 0.000000 0.000000 0.000000 0.958674 -0.284505 1073
1790471745.178441 -7.996979 -15.141041 0.000000 0.000000 0.000000 0.896817 -0.442401 1074
1790471746.245099 -7.966175 -15.150650 0.000000 0.000000 0.000000 -0.813913 0.580987 1075
1790471747.278496 -7.935017 -15.154225 0.000000 0.000000 0.000000 -0.724363 0.689418 1076
1790471748.345129 -7.933420 -15.146495 0.000000 0.000000 0.000000 -0.615162 0.788401 1077
1790471749.345178 -7.928830 -15.154553 0.000000 0.000000 0.000000 -0.501739 0.865019 1078
1790471750.411797 -7.769618 -15.119237 0.000000 0.000000 0.000000 -0.383747 0.923438 1079
1790471751.411797 -7.728923 -15.088006 0.000000 0.000000 0.000000 -0.250603 0.968090 1080
1790471752.445205 -7.695333 -15.042359 0.000000 0.000000 0.000000 -0.102171 0.994767 1081
1790471753.545161 -7.685133 -15.009147 0.000000 0.000000 0.000000 -0.003477 0.999994 1082
1790471757.611853 -7.681281 -14.997639 0.000000 0.000000 0.000000 0.022481 0.999747 1086
1790471759.746787 -7.605007 -14.993505 0.000000 0.000000 0.000000 0.023801 0.999717 1088
1790471760.778524 -7.379151 -14.979772 0.000000 0.000000 0.000000 0.025736 0.999669 1089
1790471761.778539 -7.159894 -14.968072 0.000000 0.000000 0.000000 0.027315 0.999627 1090
1790471762.778548 -6.923658 -14.954165 0.000000 0.000000 0.000000 0.028817 0.999585 1091
1790471763.811872 -6.663489 -14.938425 0.000000 0.000000 0.000000 0.029915 0.999552 1092
1790471764.811876 -6.399253 -14.923402 0.000000 0.000000 0.000000 0.031006 0.999519 1093
1790471765.811905 -6.128470 -14.904799 0.000000 0.000000 0.000000 0.032007 0.999488 1094
1790471766.845236 -5.839546 -14.883703 0.000000 0.000000 0.000000 0.032888 0.999459 1095
1790471767.845243 -5.551087 -14.864045 0.000000 0.000000 0.000000 0.033615 0.999435 1096
1790471768.911894 -5.238378 -14.843288 0.000000 0.000000 0.000000 0.034122 0.999418 1097
1790471769.945254 -4.936795 -14.822477 0.000000 0.000000 0.000000 0.035238 0.999379 1098
1790471770.945277 -4.638292 -14.799676 0.000000 0.000000 0.000000 0.035440 0.999372 1099
1790471771.978597 -4.381546 -14.776269 0.000000 0.000000 0.000000 0.035491 0.999370 1100
1790471773.011925 -4.139466 -14.757215 0.000000 0.000000 0.000000 0.035513 0.999369 1101
1790471774.011963 -3.895361 -14.742023 0.000000 0.000000 0.000000 0.036013 0.999351 1102
1790471775.011966 -3.639201 -14.717080 0.000000 0.000000 0.000000 0.035230 0.999379 1103
1790471776.078611 -3.384531 -14.694265 0.000000 0.000000 0.000000 0.034796 0.999394 1104
1790471777.111966 -3.139671 -14.676107 0.000000 0.000000 0.000000 0.034995 0.999388 1105
1790471778.111966 -2.898625 -14.655193 0.000000 0.000000 0.000000 0.034768 0.999395 1106
1790471779.111978 -2.672440 -14.638881 0.000000 0.000000 0.000000 0.034374 0.999409 1107
1790471780.211977 -2.433231 -14.620081 0.000000 0.000000 0.000000 0.033732 0.999431 1108
1790471785.078699 -1.889409 -14.576009 0.000000 0.000000 0.000000 0.036803 0.999323 1109
1790471802.845436 -1.832952 -14.572590 0.000000 0.000000 0.000000 0.035799 0.999359 1122
1790471856.512433 -1.674871 -14.559485 0.000000 0.000000 0.000000 0.036477 0.999335 1174
1790471857.545795 -1.455371 -14.544526 0.000000 0.000000 0.000000 0.038549 0.999257 1175
1790471858.579138 -1.244565 -14.528684 0.000000 0.000000 0.000000 0.039658 0.999213 1176
1790471859.645794 -1.024064 -14.513320 0.000000 0.000000 0.000000 0.041416 0.999142 1177
1790471864.812486 -0.072563 -14.508990 0.000000 0.000000 0.000000 0.047098 0.998890 1178
1790471870.045850 0.404821 -14.089759 0.000000 0.000000 0.000000 0.684248 0.729250 1179
1790471875.145893 0.346940 -12.657572 0.000000 0.000000 0.000000 0.705939 0.708272 1180
1790471880.345931 0.256930 -10.697329 0.000000 0.000000 0.000000 0.701422 0.712746 1181
1790471881.345936 0.249172 -10.321681 0.000000 0.000000 0.000000 0.727799 0.685791 1182
1790471882.345936 0.221157 -9.943995 0.000000 0.000000 0.000000 0.732781 0.680464 1183
1790471887.112627 0.213092 -8.192637 0.000000 0.000000 0.000000 0.709144 0.705063 1184
1790471888.145976 0.213418 -7.809914 0.000000 0.000000 0.000000 0.712826 0.701341 1185
1790471893.046001 0.157080 -5.982791 0.000000 0.000000 0.000000 0.719030 0.694979 1186
1790471898.179372 0.065373 -4.049260 0.000000 0.000000 0.000000 0.724433 0.689345 1187
1790471899.212701 0.043625 -3.664502 0.000000 0.000000 0.000000 0.725460 0.688264 1188
1790471900.246029 0.018986 -3.274767 0.000000 0.000000 0.000000 0.726926 0.686715 1189
1790471901.279364 -0.006814 -2.887244 0.000000 0.000000 0.000000 0.727995 0.685582 1190
1790471902.279395 -0.031834 -2.510070 0.000000 0.000000 0.000000 0.728681 0.684853 1191
1790471903.346070 -0.058797 -2.110822 0.000000 0.000000 0.000000 0.729650 0.683821 1192
1790471904.379392 -0.086846 -1.726160 0.000000 0.000000 0.000000 0.730729 0.682668 1193
1790471905.446056 -0.104940 -1.350486 0.000000 0.000000 0.000000 0.709596 0.704609 1194
1790471906.479418 -0.100269 -1.016721 0.000000 0.000000 0.000000 0.701859 0.712316 1195
1790471907.512754 -0.096743 -0.779418 0.000000 0.000000 0.000000 0.701316 0.712850 1196
1790471908.546087 -0.088869 -0.776047 0.000000 0.000000 0.000000 0.677181 0.735816 1197
1790471909.579426 -0.025970 -0.712779 0.000000 0.000000 0.000000 0.560944 0.827854 1198
1790471914.579479 0.901956 -0.042475 0.000000 0.000000 0.000000 0.113136 0.993580 1199
1790471920.012822 0.329871 -0.016718 0.000000 0.000000 0.000000 -0.006202 0.999981 1200
